6dd31aeaa04bfe8108d4fe442151bdca7c3434c63fc9a0a11afcd4e2b3af3d0e
2,16
7839488566930543531929513999192735146352327648921935913219166848024807187072099675035773677685339753889217064431180336809072654415986675487193553612577516570674743761491254091146793576684612295713163309225261193607520928892693143788134285234693298639198398176472791229078109112228011722160236320898021801970518401413689045310694898164736898642284780924462584180997381348560723255785510350485729664198166050536503296360725229527320802538926581450609195268157965972924501688306906561813748933803624065387373000136312393610536417588432301091820535446144922210780711672739959732181613715487506020824674592633613549379869
49bb9b8ab6f38858fcbfc4a08bd9fbedbe666ec51e5b30ef5f6c7e45188c2d69
2,15
1801710738407099930394562517552535365049490712110229534787187072817029596507624088840510555510312804336662973239544340194758459918140762194063532746576307523526762330142781124097734861634148758929404697146986796468814630088376997054132872521225063456448767974862102292252406067513909689111745705574467340505055024979568521321129941609744885391611875929035654721437852179403369092941189649779961039283537645179224828096026455869168660801425316788570321003824296528951667299387676215591355533532599202011708826561622169091277704970639214901752485562412125728342670834847308470536047476610285685982352463649621291446666
59c67160c45be5ba04e9220460df77568fffb59af9b41a99f8c5c19d6f86ba11
2,14
10975879242179088000505803522134745113507861625676419826897883544189235076635114745114442300793232492717580761221971443035994267260454769893122215808926233826848540402580927262739468438525309018399342786374848200203792169000007835898057117675517203687851910961847723570433111605859245631214023432598907059525563344436179524012910785702824800557243897256500973779433872398824039849384111740801710724061125999261833332419980965771256517750504619251887276847087629750789481007915699330491564918575426063651991815137308473009161893870267966129922422730290204766913155901314897189179247185015439826024704342443076302661304
8daaca27d124c60a81c83bf1ef3073ad97f6bcbb0c42035f41130d8db4fb78be
2,11
8074492088904188867547141563436555299360558665619197362144620465145885375633654228997847801726098281993390366821126552648601685607076951005920857139273742035874355612322127467283084585315542204301763651446160809661357110303006381273978537402872873553755793545611966974962411054776377507219319928976237855615144911024549478725561716685920689221530108593112433918310834279930002280138392430411923159009457542629884900214537928357040091224581392391126484161683624084681625938605261752946987503076203198540946456563614327888528657534310544977956260130702690840607559291997183384531314415666153296382411963268546798009536
