6dd31aeaa04bfe8108d4fe442151bdca7c3434c63fc9a0a11afcd4e2b3af3d0e
1,12
14112269917427632469082093045076755080663395602430903740576600240353662966198129815193110923901125231545944458012762549262915880104922864299050878005274951083022337043670600434332143300366005741085522263524435206800063409107322528007979950116341108736505423747222655911788114099490479540267810544299792317080608287458670002715126673240912702472203013588539363377870363449087356442982713131117691783924085947987163368479236702015192232962082657053165358426017293528654460327524492099169380903347228061916610630138304552407787370152103631168024310014435487323045600129889834646176880654543373631224734092252539055942739
49bb9b8ab6f38858fcbfc4a08bd9fbedbe666ec51e5b30ef5f6c7e45188c2d69
1,11
8074492088904188867547141563436555299360558665619197362144620465145885375633654228997847801726098281993390366821126552648601685607076951005920857139273742035874355612322127467283084585315542204301763651446160809661357110303006381273978537402872873553755793545611966974962411054776377507219319928976237855615144911024549478725561716685920689221530108593112433918310834279930002280138392430411923159009457542629884900214537928357040091224581392391126484161683624084681625938605261752946987503076203198540946456563614327888528657534310544977956260130702690840607559291997183384531314415666153296382411963268546798009536
59c67160c45be5ba04e9220460df77568fffb59af9b41a99f8c5c19d6f86ba11
1,10
2036714260380745266012190081796355518057721728807490983712640689938107785069178642802584679551071332440836275629490556034287491109231037712790836273272532988726374180973654500234025870265078667518005039367886412522650811498690234539977124689404638371006163344001278038136708010062275474170829313652683394149681534590428954735996760130928675970857203597685504458751305110772648117294071729706154534094829137272606431949839154698887949487080127729087609897349954640708791549686031406724594102805178335165282282988924103369269944916517458787888210246969894358169518454104532122885748176788932961540089834284554540076333
8daaca27d124c60a81c83bf1ef3073ad97f6bcbb0c42035f41130d8db4fb78be
1,7
14347273439401277804699720609320575233671626619128165189502053857474741154759684369155185047941883759650117760402708765102444911296013139817778181531971176548221948894501473810468434308996935649674122605745334822853899590517635765493824202284520683651062819116361831657672416042038845325326894152378008370725234797069530436129993491762096493051448341257189213115183816380456635467335595211043885278735377440080544972333049400844911521647737467993682647319542951640411584577822847290302619472619807195070184086565606486685779610097981875054160034698993255952872447749147058298526581354722020906782471462887472304572406
