6dd31aeaa04bfe8108d4fe442151bdca7c3434c63fc9a0a11afcd4e2b3af3d0e
4,30
1096700172486163923541679824821074906024797662018445188010826221453795030822960426954288183388037220024143066069705692676171366344869935637881622166487631127927926777650160995688861835741359033163603670484287948307306085857437284596600116016686338712776581867444575054599500239868812333934494881339819179571175496146987221076529486046193513653875892923086105509497493385295532019882543410001380554849663168899080016534588359380010794744460883967018454323247322193680294548492610642191639825714861802550988457279716366257300985133004483243345311508738819838862127977075637513486945376074343859309140351744821545557665
49bb9b8ab6f38858fcbfc4a08bd9fbedbe666ec51e5b30ef5f6c7e45188c2d69
4,29
10270868676258151993652920829403284654483168575584635480121522692826000510950451083228219928670956908405060854052132795517407173687183943336940305228837557431249704850088307134330595412632519292633541759712149352042283624769068123440524361170978478944179724854430196332780205778214148276036772608364258898591683815603598223768310330139273428819507914250551424567493513604716202776325465501023130239627251522981688520858542869282098651693540186430335410166510655415518108257020633757091849210757688664191271445855402670175185174032633234471515248676616898877432613043543226232130145084479497999351492230538276556772303
59c67160c45be5ba04e9220460df77568fffb59af9b41a99f8c5c19d6f86ba11
4,28
4233090847734708392117969347763084873180331638772929101689542917618222920385975497032956806495929958852506762860496798903092979189338030043810284362836348384101723418739834167281536697582055755849783147633874954903577325964751976706522948457510243761430094652819507395954502733500046242988281993040704437126220439169477699778745373584281415568835009255124495107933984435558848613481144800317361614712623117624410052593844095623946509956038921768296535902176985971545273868101403410869455810486663800815607272280712445655926461414840148281447198792884102394994572205650574970484578845602277664509170101554284298839100
8daaca27d124c60a81c83bf1ef3073ad97f6bcbb0c42035f41130d8db4fb78be
4,25
1331703694459809259159307389064895059033028678715706636936279838574873219384514980916362307428795748128316368459651908515700397535960211156608925693183856593127538628481034371825152844372288941752204012705187564361142267267750522082444368184865913627333977236583750800483802182417178118993578489418035233215802005757847654491396304567377304233121220591735955246810946316664811044235425489927574049660954660992461620388401058209730083430115694907535743216772980305437418798790965833324878394987440935704561913707018300535293225078882727129481036193296588468688975596332861165836646076252991134866877722379754794187332
