6dd31aeaa04bfe8108d4fe442151bdca7c3434c63fc9a0a11afcd4e2b3af3d0e
3,22
13642262873480341797846837916589114774646933569036380842725693006111506589075020707268962675819608175337597853232870117583857817722742313261596270951882500152623113342008853682059561283104145923908321579082635974692391046286696053036291445779981958907390633008944304420019510214393747970149643328143360209791355268236949135885393036198545121313712358251239663903243457586348798394276948971265304794301502963800400160771611304355753655590773035172130780638965977305140211826927781716902903764802069795609463717283700683851802890260347143395752860645319950063391904891375387341477479254186079080109259350982672558683405
49bb9b8ab6f38858fcbfc4a08bd9fbedbe666ec51e5b30ef5f6c7e45188c2d69
3,21
7604485044956898196311886434948914993344096632224674464293713230903728998510545121073699553644581225785043762041234120969543623224896399968466250085881291105475131910660380715010502568053682387124562967004361577553684747482379906302290033066513723724641002807333615483193807169679645937101152712819805748325891891802828611895828079643553108063039453255812734443683928417191444231432628270559536169386874558443121692506912530697601513853271770510091906374632307861167377438008551370680510364531044932233799543709010459332544177642554057205684810761587153580953864053482736079831913015308858745266937221998680300750202
59c67160c45be5ba04e9220460df77568fffb59af9b41a99f8c5c19d6f86ba11
3,20
1566707216433454594776934953308715212041259695412968085861733455695951407946069534878436431469554276232489670849598124355229428727050486675336229219880082058327150479311907747961443853003218850340804354926087180414978448678063759568288620353045488541891372605722926546368104124965543904052662097496251286860428515368708087906263123088561094812366548260385804984124399248034090068588307569853767544472246153085843224242213757039449372115770505848053032110298638417194543049089321024458116964260020068858135370134320234813285465024760971015616760877854357098515823215590084818186346776431638410424615093014688042816999
8daaca27d124c60a81c83bf1ef3073ad97f6bcbb0c42035f41130d8db4fb78be
3,17
13877266395453987133464465480832934927655164585733642291651146623232584777636575261231036799860366703441771155622816333423386848913832588780323574478578725617822725192839727058195852291735075832496921921303535590746227227697009290522135697948161533821948028378083480165903812156942113755208726936221576263435981777847809569300259854719728911892957685919889513640556910517718077418629831051191498289112794455893781764625424003185472944276427846112648069532491635416897336077226136908036142334074648928763037173711002618129795130206225387281888585329877718693218752510632610993827179954364726355666996721617605807313072
