6dd31aeaa04bfe8108d4fe442151bdca7c3434c63fc9a0a11afcd4e2b3af3d0e
5,40
626693128538873252306424696333434600008335628623922290159918987211638653699851319030139935306520163815796461289813260997113303962689384600427015113095180197528703075988414243416279818479499215986402986042488716199633723036810809624911611680327188883661791129166223562830896354772080763816327665183387072281922476925266354246795849003825932495385237585786406034870587522556973971176779250148993565227080184712316808826962961720572217373151262085983876536196005970166046047895900259925162687169703536243841544425112497701316505241247995471073862139623282579208432738561190208787543975717049308193665610474955048298331
49bb9b8ab6f38858fcbfc4a08bd9fbedbe666ec51e5b30ef5f6c7e45188c2d69
5,39
9800861632310861322417665700915644348466706542190112582270615458583844133827341975304071680589439852196714249272240363838349111305003392299485698175445106500850481148426560382058013395370659475456341075270350119934611261948441648468835856834619329115064934116151844841011601893117416705918605392207826791302430796381877356938576693096905847661017258913251725092866607741977644727619701341170743250004668538794925313150917471622660074322230564549300832379459339192003859756423923374825372072212530397884124533000798801619200694140876746699243799307501361617778917805028778927430743684122203448236017489268410059512969
59c67160c45be5ba04e9220460df77568fffb59af9b41a99f8c5c19d6f86ba11
5,38
3763083803787417720882714219275444567163869605378406203838635683376066543262866389108808558414412902644160158080604367224034916807157479006355677309443897453702499717078087415008954680320195938672582463192075722795904963144125501734834444121151093932315303914541155904185898848403314672870114776884272329836967419947756832949011736541913834410344353917824795633307078572820290564775380640464974625090040133437646844886218697964507932584729299887261958115125669748031025367504693028602978671941505534508460359426108577099941981523083660509175749423768565135340876967136127665785177445244983113393695360284417801579766
8daaca27d124c60a81c83bf1ef3073ad97f6bcbb0c42035f41130d8db4fb78be
5,35
861696650512518587924052260577254753016566645321183739085372604332716842261405872992214059347278691919969763679759476836642335153779660119154318639791405662728314926819287619552570827110429124575003328263388332253469904447124047110755863848506763798219186498305399308715198297320446548875411273261603125926548986536126787661662667525009723074630565254436255772184040453926252995529661330075187060038371676805698412680775660550291506058806073026501165429721664081923170298194255451058401256442282669397415000852414431979308745187126239357209586824181051209035280357818413861137244675895696583751402981109888296927998
